param init_x : 1 2 3 := 
HB1_1 -8.482443360202828 -5.508139284015349 -3.3355930130331575
QD2_1 -11.026328548365456 -1.1176998404616076 1.887644568644784
O_1 -5.345604352986639 -5.1912834712165905 -5.4148990873647875
HD22_1 -8.39123710820732 -4.967851905527065 0.14225766011962726
QB_1 -10.69148762889624 -3.07565947642407 -1.4061693797196688
N_1 -7.815193459473597 -3.1831511598657998 -3.7423660586952257
HB2_1 -6.939725843804355 -6.363157117167984 -3.332036307145611
C_1 -6.386381679838272 -4.611962945281799 -5.171177942101547
CG_1 -7.353603285654448 -5.289833526235057 -1.5200813083503233
OD1_1 -6.280827819662365 -5.356759155288374 -0.9527459473428883
ND2_1 -8.441361989964037 -5.075793872386605 -0.8314767641364735
HD21_1 -9.307446555262807 -5.021680501109221 -1.2855938897882102
HN_1 -8.765467677635026 -3.422787596487169 -3.6986126294193435
CA_1 -6.779159172472322 -4.258353489710162 -3.729084903302819
CB_1 -7.444673240341694 -5.454063127635666 -3.040718610619931
HA_1 -5.912933448460202 -3.9413297099518743 -3.1680377624243365
HG_2 -3.062703435086899 -5.1191865048302105 3.379353164989248
QB_2 -15.574468107550686 -1.2462517674633793 1.9340734083255002
CG_2 -2.59419639238385 -4.382820273712278 2.7445577873699345
HD11_2 -0.5201523346800645 -4.0297973827068105 2.313375824458059
CA_2 -2.293043577448964 -6.36023826966176 1.1531889733836689
HD23_2 -3.0819088684854066 -2.5638494853050133 3.7785868981088973
HN_2 -4.4204983217241045 -6.55352067380341 0.9454093101025496
HD13_2 -0.8032478855852556 -5.031916577782976 3.735334590599719
HA_2 -1.5429971847378017 -6.508065490391538 0.3916598447248587
HD21_2 -3.1047341613810477 -2.424948265992062 2.0208512912956804
QQD_2 -14.201201412744895 2.9487447143930083 2.0172640920240963
HD12_2 -1.0839848681524487 -3.293007869419328 3.8121099296332823
QD1_2 -16.061617582523763 -0.6468478865679155 5.171074272362756
N_2 -3.5740828854503643 -6.998184349940592 0.7412576229032934
HB1_2 -1.9100506648552642 -4.287368082567808 0.714699239148592
CD2_2 -3.3556096131367763 -3.058182370599788 2.858687149091677
QD2_2 -10.882055256144685 2.7597569097107604 5.571550411413445
CB_2 -2.626472951308225 -4.856911465268729 1.2850446746072652
CD1_2 -1.1442746332466118 -4.169229325294465 3.183680432812594
C_2 -1.8434208693269891 -6.998184425121103 2.4719196707235134
HD22_2 -4.417912249518741 -3.2539377548541806 2.8574210190151135
O_2 -0.6706715022684264 -7.232936786694388 2.6917765245561434
HB2_2 -3.6125462358907825 -4.683199672888959 0.88371714472623
HE_3 -1.5783262752185419 -6.759304563634524 -2.29563245868392
NH2_3 1.2415823367152914 -6.439044449288978 -2.378933840751308
CZ_3 0.1671254701354865 -6.255215599464213 -3.101484033811762
HG2_3 -2.371417450542941 -3.1514343812213887 -3.4041521493034295
NE_3 -0.9784408398492879 -6.01663809015492 -2.519359487450719
HH21_3 1.1861036499984898 -6.3966267414497295 -1.3812799221476069
C_3 -5.620398093373689 -3.615766054733507 -4.241905020963044
HG1_3 -2.105134667267679 -4.694516085693284 -4.213702943229281
NH1_3 0.23733453599528787 -6.311726273872296 -4.407206749560993
CD_3 -1.3736566747410617 -4.616176659934315 -2.193820664867937
HH1_3 -13.334486370032405 -0.4744486183085755 3.960426371091046
HA_3 -4.217816118186093 -2.5738515055950697 -2.9685853897997743
QH2_3 -8.834296617320893 -2.2995729648543883 1.471765359099129
HD2_3 -1.836649983036029 -4.579594452319756 -1.2206256880136226
QB_3 -12.035806126366518 0.6738839252203468 0.6240580903918911
QD_3 -15.330428186211531 1.3849119377713326 1.6865914508525996
QG_3 -12.48596434197451 -2.663218171144701 5.259281703031941
HH22_3 2.1189813747389206 -6.621622573033716 -2.8235219330676897
CA_3 -4.760764516967106 -3.5061951011108703 -2.974758230732626
CB_3 -3.782549189949979 -4.682620370008681 -2.8719365640599173
HB1_3 -3.76258741276272 -5.04378650976622 -1.8561549643523798
HD1_3 -0.5118457235353748 -3.9616844899558123 -2.2279362794418742
CG_3 -2.37892728168603 -4.223608761094778 -3.2802919230001417
HB2_3 -4.104696042194901 -5.477487704272644 -3.5276761200242013
HN_3 -6.0288398720997085 -4.476131664155652 -1.5289282204593015
O_3 -6.791057581774838 -3.282289874036482 -4.235021831053134
N_3 -5.620398063486792 -3.615766021012578 -1.7587758994618086
HG1_4 -3.3424518907062346 -0.09515192512119458 1.1748478787196823
QG_4 -9.210468914092505 3.6190534375418197 0.6877984399055044
HG2_4 -2.6756401899776794 1.4621945766814748 0.6903059847878212
O_4 -2.8098817304730748 1.7719668223186433 5.743579925299377
CG_4 -2.626641245617936 0.6730463562060636 1.425627007370675
CE_4 -1.1408482356898855 -1.0474928641991605 -0.05583787544821961
C_4 -3.1550421511215845 0.7162049713283425 5.254457752590396
HB2_4 -2.4220079133495815 2.166257208794161 2.953047236328496
HN_4 -3.983108742489767 -1.0698349010955426 2.9540278125039188
HE1_4 -1.489260561367356 -0.4256094708365992 -0.8700313171172698
CA_4 -2.571687857499299 0.25258665413452824 3.909092434022728
HB1_4 -4.022147559728017 1.4409050081578498 2.865385104275542
HE3_4 -1.8548586244302907 -1.8356341724234302 0.1222706872256949
SD_4 -0.9631765464170456 -0.03959405677776001 1.4345468378706376
QE_4 -12.52466637774311 -1.3451111187656848 1.1449399609786255
QB_4 -14.344946235181219 0.16655453807046045 1.2392026333856783
HA_4 -1.4977500657198757 0.18330521049753762 3.969885470819124
CB_4 -2.961623307018213 1.245469477261608 2.8076806008836845
N_4 -3.1550421473791896 -1.0593577188089274 3.478895027218453
HE2_4 -0.18476000940215442 -1.4810109369703237 -0.3122685374425598
HG22_5 2.9687042055586765 6.060531175361989 -0.07413790203128778
CB_5 2.282391303165941 5.0809159520172695 1.7057679819896678
CG2_5 3.256115943505712 5.994360655463201 0.9643836932276753
HA_5 3.669304026713446 3.8299037159694995 2.7819312962871825
O_5 2.8724696120995823 6.437536379055754 4.521542087793746
HG1_5 0.9965502612701531 3.8779233389682335 0.8797146671891143
HG21_5 4.254596979986827 5.591628940776002 1.038309735148675
QG2_5 -9.993123667029062 -1.724043953919514 2.990323180192327
OG1_5 1.9516719101479634 3.97178875892233 0.8824462453695177
HG23_5 3.2340182816528884 6.9782090340000344 1.4080583532336852
HB_5 1.386627598844587 5.634465096830876 1.9396642651930371
C_5 3.552196234088022 5.747570619827401 3.783029841181971
HN_5 1.2079364996614732 4.578748639424508 4.304250271988218
CA_5 2.9270063639759076 4.580544590874853 3.001842961882997
N_5 1.7943517853629114 3.9897262406293366 3.783029937940774
HD1_6 7.421791684328836 6.7691730952573455 5.845732574958838
O_6 8.945280234268468 2.2183872897537924 6.449906623696693
QB_6 -13.017799656352278 2.7454770716172456 0.7051562337924371
QD_6 -12.43887496406273 -0.5054916607729976 0.22927996817587437
C_6 9.139862450944912 3.191273665875525 5.743553080942095
CZ_6 7.964831059462162 6.955826448264482 9.196836061092652
N_6 7.398457357765247 3.191273746906912 4.002147974711231
HB2_6 6.6004925154815535 3.1881530836049214 6.5924246928262065
HD2_6 7.129734025875154 3.680227057701104 8.808385741215915
HH_6 7.518774187030987 8.219840370583354 10.557641563043486
CD1_6 7.499288590052954 6.451830105659903 6.873943225044846
HN_6 6.5513226137276614 2.712787124343311 4.116052979733178
CE1_6 7.866485358668401 7.3692059768579 7.8638492420110016
QR_6 -13.315444537163852 2.7089178176806 0.46199516585544775
CD2_6 7.333681085881311 4.7071641079654745 8.545916806156843
OH_6 8.323312019170915 7.861515663792609 10.175146107256543
CE2_6 7.698130545649056 5.62448086307629 9.538896469745975
CA_6 7.97341281795361 3.9721025010572393 5.131535665086009
HA_6 8.306992897389941 4.937849324298852 4.787163481084946
CG_6 7.234076343013678 5.1223822509590935 7.213144441930854
HE2_6 7.774829779664001 5.304424486193174 10.566991151002883
HE1_6 8.071413602040971 8.395928494183922 7.599650950067353
CB_6 6.828148997830409 4.1403321813703835 6.139876185709937
HB1_6 5.950593342850903 4.516621869476344 5.630955137274972
QE_6 -9.466041623417075 1.88409857636312 0.44342927495143747
CG_7 12.470117309009956 4.6915213241823475 1.3025819660566627
HG1_7 11.778747631880615 5.41938132445572 0.9047213360069941
C_7 13.636423895369353 7.022331175591653 1.9089170031794473
O_7 14.796941813961952 6.884447982459743 1.5761136740119603
HB2_7 11.627994981423589 4.716473035909572 3.2766469082520895
CB_7 12.592421852212189 4.881065707535929 2.8192517017519156
QG_7 -9.927600136042088 -2.450504278133289 1.1772411898621677
CA_7 13.079432832837847 6.30498834875722 3.152262405246793
HA_7 13.837474911434237 6.257966189293253 3.914818132346066
OE2_7 10.758630889589815 3.119401781723465 0.8839410752711689
CD_7 11.96111704703049 3.2815478513201906 0.9989899405588427
HN_7 11.018446675675092 6.540877614311306 3.775295781242071
HB1_7 13.29766346761087 4.163764118598188 3.210785414709619
HG2_7 13.438843443795628 4.828630249738607 0.8457182703151944
N_7 11.872485649104112 7.022331178254964 3.672855193394918
OE1_7 12.78390867695793 2.387257622997797 0.8854941652222994
HE1_7 -11.026069329146765 -1.232269091167874 2.610983651052197
QB_7 -12.256936027617103 1.9787571178620624 3.962870509194988
NE_8 8.63052047379333 3.7476041387556074 -3.440470226690017
HH1_8 -10.446938275423053 -1.4828505107515817 2.7146307856447605
HH22_8 10.493811344023447 2.5983352200612417 -5.733911631808647
HH21_8 10.893082509342394 2.9865678765727 -4.093544620261305
NH2_8 10.220866310457085 2.9349107078018397 -4.832224122342039
CD_8 8.762890785381297 5.19617243163248 -3.1124590985629044
HE_8 8.277443815560892 3.124217662428639 -2.7709958176618072
HD1_8 9.421112873302897 5.685955561787184 -3.818927894566641
HA_8 6.4946757973987115 7.714299614784567 -1.9399269614575831
QH2_8 -12.728670391753244 -2.946286271670475 5.505450719163112
O_8 3.7193542592056534 7.477566930354103 -0.9556171487914655
HB1_8 7.285585809576476 5.202771166658321 -1.1576228278739746
CB_8 6.599113130218614 5.561683174215963 -1.9076822539772826
NH1_8 8.1041061481535 3.239807154777544 -5.58387505699176
CG_8 7.344922535503832 5.762223697411477 -3.230993270781737
HG1_8 6.81581855896607 5.249937223706034 -4.021931819359391
HD2_8 9.133564729049963 5.314981074382607 -2.106827526710005
HN_8 6.0121295335405325 6.166639681000338 0.5786018624238456
QB_8 -10.46189605098607 -3.420304776504456 3.1790628813574733
CZ_8 8.985694406998237 3.3079648490132163 -4.618892544063108
HB2_8 5.81078079469407 4.837258132521686 -2.0467057285422237
CA_8 5.99465600904791 6.894110628807278 -1.4486369388207048
N_8 6.2425771212601955 6.940070981563673 0.02310061211929293
QG_8 -9.470083891782355 2.171874427346009 3.4202793212734264
QD_8 -15.206012743647172 0.42528734014456687 2.4217916703511824
C_8 4.486739716431488 6.940070988268487 -1.7327368638026353
HG2_8 7.3981749190041075 6.815763177685598 -3.4594104357143647
HD22_9 5.147876127094571 -0.4651259925124572 -8.036639647527078
QQD_9 -9.370042526093167 -2.085310902447745 3.4530142863803137
HB2_9 3.673064770806226 1.2961344043095988 -6.892172825123062
HD12_9 2.4261334351108985 -0.8884996084458117 -10.143984107765684
HD13_9 1.172779265798784 -1.1057692452872838 -8.92316125687277
C_9 0.8622530789815297 -0.4184219063081072 -6.478674916913661
QD1_9 -9.160435656241066 0.11093996857739191 2.249022985245877
HA_9 0.9301109707594755 1.7382765260181736 -6.5233860187940635
HD11_9 1.5506984613862702 0.5086835215180581 -9.520716317139701
QB_9 -9.209389572061625 -1.7776874577850739 -0.12009392609756908
N_9 2.2753327692429277 0.9946577332461422 -5.065595351190096
CA_9 1.6149624542519874 0.913905122131895 -6.397929547393668
HG_9 2.947251404647803 -1.1228322974855858 -7.477327353404416
O_9 -0.22462029365945746 -0.49746431770467364 -7.018346441474948
HN_9 3.218845052092682 0.7529608724688304 -4.9808015623453965
HB1_9 2.5353872473591323 1.7963458102271144 -8.132825585459688
QD2_9 -9.90094744661826 0.10153409364309213 -0.4703759442583211
CD2_9 4.4066717727870195 -0.2663232089395256 -8.796838452586126
CD1_9 1.9631378212644535 -0.45715576837612654 -9.268826932637552
CB_9 2.771051351116496 1.0243993653569183 -7.417636387061151
CG_9 3.0107873173469972 -0.2942037923609529 -8.165830973679885
HD23_9 4.468958427377158 -1.021064712355892 -9.566239702279216
HD21_9 4.58680993156703 0.7060124676642845 -9.23043552810152
HN_10 -0.9607560262046722 -3.3843414402672924 -3.1293761660426775
HA_10 0.17208331378640018 -6.077915035084223 -3.786967165980832
CD_10 3.5089194328666498 -4.779787138072151 -3.5845220322197675
QD_10 -13.408554636659485 1.006755130622562 -1.3735740028071959
C_10 -0.838853987869804 -5.9706105372572456 -1.8789167146563837
QH2_10 -10.976060360918275 -1.1332769566642849 5.69780984574157
HB1_10 1.3698767536832062 -3.730362253948421 -3.0126285025691506
HB2_10 1.178907154707728 -4.545791814451141 -1.464170153619393
CZ_10 5.481562016427864 -4.657030475074919 -2.1781354943864293
HG2_10 2.106579882879979 -6.401923648645891 -3.4949913748975496
HH22_10 7.4509289729827035 -4.641574542083742 -2.5557773573081763
CG_10 2.4314951523828405 -5.591830232842783 -2.860062733712636
CA_10 -0.05542026640623554 -5.336525375037128 -3.0368477483024416
HD2_10 3.0573603584295572 -4.014837649897742 -4.195878071896788
NE_10 4.3184312265359015 -4.154940321528016 -2.4992937564831004
HH21_10 6.494235851718161 -3.5687353295454525 -3.522576347468583
O_10 -2.0552346288816796 -5.933586455375972 -1.8516269233116014
HH1_10 -9.208046399084537 -0.03231873955037862 -0.49216763371942207
NH2_10 6.560123738756323 -4.257813508819158 -2.8007588240501247
N_10 -0.8388539817763192 -4.214773078154969 -3.634754136304742
NH1_10 5.565820676780843 -5.557696775230601 -1.2322310205657843
QG_10 -8.939345172980914 3.5259658704196033 5.722931539282493
HD1_10 4.125659620748573 -5.432682979429105 -4.189171147268441
HG1_10 2.8376678030497136 -5.995200115318003 -1.943390080843613
HE_10 3.978046399334085 -3.366045710822228 -2.026796907382749
CB_10 1.2390421169788972 -4.687083508923226 -2.5328176549655095
QB_10 -8.92482852379334 -2.657846330228735 0.6779236509303979
