x [*,*]
:           1             2            3        :=
CA_1    -0.601117     0.388336     -1.14074
CB_1     0.602254    -0.338563     -0.537075
CE_1     0.312281    -0.0860461     1.50848
CG_1     0.697559    -0.104174      0.961718
C_1     -1.85894      0.0565236    -0.344872
HA_1    -0.428312     1.45362      -1.09944
HB1_1    1.50698      0.0185213    -1.0065
HB2_1    0.507968    -1.39854      -0.721369
HE1_1    0.439877     0.583894      2.34591
HE2_1   -0.737328    -0.305381      1.37959
HE3_1    0.695244     0.380295      0.612782
HG1_1    1.41991      0.675368      1.15386
HG2_1   -0.267113     0.207199      1.33435
HN_1     0.0536239   -0.489893     -2.74825
N_1     -0.769593    -0.00274462   -2.53517
O_1     -2.77952      0.568234     -0.982091
SD_1     1.20621     -1.60665       1.81882
;

